	Dir_45g		
Frequency (Hz)	Magnitude (dB)	Phase (degrees)	Coherence
10.742188	-41.52	-108.89	0.62
11.718750	-30.64	144.08	0.53
12.695313	-29.27	125.70	0.66
13.671875	-35.08	-8.69	0.11
14.648438	-39.13	51.22	0.60
15.625000	-33.01	17.06	0.36
16.601563	-29.44	-118.91	0.73
17.578125	-30.65	136.48	0.47
18.554688	-32.23	-155.05	0.80
19.531250	-33.21	114.59	0.69
20.507813	-29.99	150.78	0.44
21.484375	-25.17	144.30	0.52
22.460938	-26.31	146.05	0.68
23.437500	-24.81	130.67	0.24
24.414063	-24.18	151.60	0.74
25.390625	-26.16	-176.45	0.91
26.367188	-27.86	-174.84	0.82
27.343750	-28.95	-118.55	0.88
28.320313	-29.17	-144.31	0.88
29.296875	-29.67	-173.34	0.76
30.273438	-30.32	-155.25	0.47
31.250000	-29.81	141.16	0.52
32.226563	-28.80	128.60	0.70
33.203125	-27.44	127.01	0.68
34.179688	-26.54	159.33	0.63
35.156250	-26.60	176.04	0.85
36.132813	-26.03	178.56	0.94
37.109375	-25.84	173.78	0.90
38.085938	-25.46	175.28	0.90
39.062500	-25.25	174.19	0.87
40.039063	-25.42	176.12	0.93
41.015625	-26.07	175.10	0.98
41.992188	-26.30	169.31	0.98
42.968750	-26.62	169.79	0.94
43.945313	-26.67	164.55	0.84
44.921875	-26.05	164.64	0.74
45.898438	-24.62	168.02	0.91
46.875000	-24.20	169.30	0.98
47.851563	-24.07	168.26	0.99
48.828125	-23.90	167.37	0.99
49.804688	-23.69	165.55	1.00
50.781250	-23.32	163.42	0.98
51.757813	-22.90	161.02	0.97
52.734375	-22.64	160.19	0.97
53.710938	-22.12	157.81	0.95
54.687500	-21.92	157.78	0.94
55.664063	-22.02	157.87	0.81
56.640625	-21.70	156.84	0.77
57.617188	-21.80	157.02	0.90
58.593750	-21.54	156.62	0.94
59.570313	-21.34	156.51	0.97
60.546875	-21.13	156.07	0.98
61.523438	-20.74	156.48	0.98
62.500000	-20.07	156.38	0.99
63.476563	-19.18	155.23	0.98
64.453125	-18.56	154.75	0.97
65.429688	-18.09	156.37	0.97
66.406250	-17.62	157.09	0.91
67.382813	-17.13	155.66	0.95
68.359375	-16.72	155.66	0.96
69.335938	-16.49	155.85	0.99
70.312500	-16.40	154.43	1.00
71.289063	-16.40	153.19	0.99
72.265625	-16.47	150.96	0.97
73.242188	-16.43	149.27	0.97
74.218750	-16.27	147.66	0.99
75.195313	-16.11	146.87	1.00
76.171875	-15.96	146.29	1.00
77.148438	-15.76	145.61	0.98
78.125000	-15.47	145.08	0.94
79.101563	-15.39	144.68	0.98
80.078125	-15.41	143.13	0.97
81.054688	-15.53	143.73	0.94
82.031250	-15.64	143.14	1.00
83.007813	-15.54	143.14	1.00
83.984375	-15.48	143.17	0.99
84.960938	-15.39	143.51	0.99
85.937500	-15.20	143.76	1.00
86.914063	-15.04	143.76	1.00
87.890625	-14.87	143.92	1.00
88.867188	-14.72	143.97	1.00
89.843750	-14.57	143.76	0.93
90.820313	-14.40	143.33	0.99
91.796875	-14.27	142.97	1.00
92.773438	-14.20	142.67	0.99
93.750000	-14.15	142.13	1.00
94.726563	-14.13	141.61	0.96
95.703125	-14.14	140.92	0.98
96.679688	-14.12	140.14	0.99
97.656250	-14.05	139.60	0.99
98.632813	-13.89	139.20	0.99
99.609375	-13.69	139.15	0.98
100.585938	-13.49	139.33	0.99
101.562500	-13.29	139.53	0.98
102.539063	-13.10	139.55	0.94
103.515625	-12.88	139.74	0.98
104.492188	-12.61	139.83	0.99
105.468750	-12.36	140.03	0.98
106.445313	-12.12	139.81	0.93
107.421875	-11.94	137.95	0.89
108.398438	-11.80	136.33	0.99
109.375000	-11.65	134.94	0.99
110.351563	-11.54	133.86	0.99
111.328125	-11.43	133.12	1.00
112.304688	-11.32	132.57	1.00
113.281250	-11.22	132.33	1.00
114.257813	-11.11	132.29	1.00
115.234375	-11.04	132.52	0.99
116.210938	-11.00	132.85	0.99
117.187500	-10.93	133.11	1.00
118.164063	-10.86	133.46	1.00
119.140625	-10.79	134.02	0.98
120.117188	-10.71	134.42	0.94
121.093750	-10.61	134.48	0.96
122.070313	-10.50	134.35	0.99
123.046875	-10.41	134.10	0.99
124.023438	-10.35	134.01	1.00
125.000000	-10.30	133.83	0.99
125.976563	-10.25	133.65	0.99
126.953125	-10.18	133.37	0.96
127.929688	-10.05	133.00	0.97
128.906250	-9.90	132.32	0.97
129.882813	-9.74	131.66	0.96
130.859375	-9.59	131.10	0.99
131.835938	-9.43	130.68	1.00
132.812500	-9.26	130.30	0.99
133.789063	-9.08	129.98	0.99
134.765625	-8.89	129.70	0.99
135.742188	-8.69	129.56	0.99
136.718750	-8.50	129.40	0.99
137.695313	-8.31	129.34	0.99
138.671875	-8.07	128.76	0.99
140.625000	-7.79	127.79	0.99
142.578125	-7.51	126.34	0.98
144.531250	-7.26	124.85	0.98
146.484375	-6.97	124.03	0.98
148.437500	-6.72	122.35	0.98
150.390625	-6.56	120.36	0.99
152.343750	-6.48	118.95	0.97
154.296875	-6.36	117.92	0.98
156.250000	-6.16	116.80	0.98
158.203125	-5.95	115.05	0.99
160.156250	-5.80	113.00	0.99
162.109375	-5.72	110.64	0.99
164.062500	-5.64	108.65	0.98
166.015625	-5.60	106.84	0.97
167.968750	-5.63	105.41	0.98
169.921875	-5.66	104.99	0.99
171.875000	-5.67	104.21	0.99
173.828125	-5.74	103.29	1.00
175.781250	-5.83	102.84	1.00
177.734375	-5.93	102.66	1.00
179.687500	-6.08	102.81	0.99
181.640625	-6.28	103.45	0.97
183.593750	-6.47	105.15	0.96
185.546875	-6.53	107.10	0.96
187.500000	-6.43	109.08	0.97
189.453125	-6.16	110.88	0.97
191.406250	-5.82	112.28	0.98
193.359375	-5.46	113.15	0.99
195.312500	-5.08	113.63	0.99
197.265625	-4.65	113.93	0.98
199.218750	-4.16	114.02	0.97
201.171875	-3.69	113.00	0.98
203.125000	-3.26	111.02	0.97
205.078125	-2.89	108.33	0.94
207.031250	-2.66	105.83	0.97
208.984375	-2.50	103.90	0.99
210.937500	-2.38	102.30	0.99
212.890625	-2.23	100.76	1.00
214.843750	-2.10	99.28	0.99
216.796875	-1.97	97.72	0.99
218.750000	-1.88	96.43	0.99
220.703125	-1.75	95.37	0.99
222.656250	-1.63	94.36	0.99
224.609375	-1.49	93.43	0.99
226.562500	-1.35	92.39	0.99
228.515625	-1.19	91.32	0.99
230.468750	-1.05	90.24	1.00
232.421875	-0.93	89.05	0.99
234.375000	-0.84	87.75	0.99
236.328125	-0.78	86.45	0.99
238.281250	-0.75	85.41	0.98
240.234375	-0.72	84.40	0.98
242.187500	-0.70	83.19	0.99
244.140625	-0.68	81.98	0.99
246.093750	-0.67	80.78	0.98
248.046875	-0.69	79.67	0.99
250.000000	-0.72	78.78	1.00
251.953125	-0.76	78.03	0.99
253.906250	-0.79	77.51	0.99
255.859375	-0.79	77.16	0.99
257.812500	-0.76	77.03	0.97
259.765625	-0.66	76.95	0.99
261.718750	-0.53	76.83	0.99
263.671875	-0.39	76.53	0.98
265.625000	-0.24	76.18	0.99
267.578125	-0.09	75.80	0.96
269.531250	0.08	75.21	0.98
271.484375	0.24	74.18	0.98
273.437500	0.39	72.83	0.99
275.390625	0.48	71.23	0.99
277.343750	0.51	68.62	1.00
281.250000	0.44	65.91	0.98
285.156250	0.26	62.75	0.99
289.062500	0.00	60.25	0.99
292.968750	-0.29	58.17	0.99
296.875000	-0.65	56.84	0.99
300.781250	-1.01	56.13	0.98
304.687500	-1.38	56.88	0.98
308.593750	-1.58	58.17	0.99
312.500000	-1.73	59.65	0.99
316.406250	-1.84	61.14	0.99
320.312500	-1.94	62.53	0.99
324.218750	-1.97	64.13	0.99
328.125000	-1.87	65.97	0.96
332.031250	-1.61	67.72	0.98
335.937500	-1.27	68.84	0.99
339.843750	-0.88	69.49	0.98
343.750000	-0.39	69.81	0.98
347.656250	0.08	69.25	0.99
351.562500	0.42	67.56	0.98
355.468750	0.67	65.21	0.99
359.375000	0.79	62.68	0.99
363.281250	0.81	59.99	0.99
367.187500	0.75	57.94	0.99
371.093750	0.69	56.84	0.98
375.000000	0.68	56.24	0.99
378.906250	0.71	55.78	0.99
382.812500	0.77	55.36	0.99
386.718750	0.85	54.71	0.99
390.625000	0.92	53.85	1.00
394.531250	0.99	52.85	0.99
398.437500	1.07	51.81	1.00
402.343750	1.13	50.67	1.00
406.250000	1.16	49.39	1.00
410.156250	1.16	48.13	0.99
414.062500	1.13	46.90	0.99
417.968750	1.08	45.87	0.98
421.875000	1.03	44.94	0.99
425.781250	0.96	44.03	0.99
429.687500	0.87	43.22	0.99
433.593750	0.75	42.66	0.99
437.500000	0.65	42.41	0.99
441.406250	0.58	42.28	0.99
445.312500	0.54	42.14	0.99
449.218750	0.53	42.06	0.98
453.125000	0.55	41.76	0.99
457.031250	0.56	41.14	0.99
460.937500	0.53	40.21	0.99
464.843750	0.46	39.32	0.99
468.750000	0.38	38.79	0.99
472.656250	0.30	38.59	0.97
476.562500	0.25	38.50	0.96
480.468750	0.26	38.45	0.97
484.375000	0.29	38.17	0.98
488.281250	0.33	37.77	0.99
492.187500	0.37	37.36	0.99
496.093750	0.40	36.79	0.99
500.000000	0.41	36.29	0.99
503.906250	0.40	35.95	1.00
507.812500	0.38	35.76	0.99
511.718750	0.38	35.75	0.98
515.625000	0.42	35.93	0.96
519.531250	0.51	36.06	0.97
523.437500	0.61	35.81	0.99
527.343750	0.71	35.16	0.99
531.250000	0.78	34.12	0.99
535.156250	0.79	33.01	0.98
539.062500	0.74	32.00	0.99
542.968750	0.65	31.39	0.99
546.875000	0.55	31.11	0.99
550.781250	0.47	31.05	0.99
554.687500	0.42	31.13	0.99
560.000000	0.42	31.28	0.97
568.000000	0.43	30.97	0.96
576.000000	0.40	30.91	0.99
584.000000	0.39	31.51	0.98
592.000000	0.41	32.33	0.99
600.000000	0.46	32.91	0.99
608.000000	0.54	32.88	0.99
616.000000	0.62	32.23	0.99
624.000000	0.70	31.39	0.98
632.000000	0.76	30.77	0.98
640.000000	0.87	30.01	0.98
648.000000	0.94	29.21	0.99
656.000000	0.94	29.00	0.99
664.000000	0.90	29.77	0.94
672.000000	0.91	30.34	0.96
680.000000	0.98	30.99	0.99
688.000000	1.12	31.31	0.99
696.000000	1.30	31.10	0.99
704.000000	1.42	30.16	1.00
712.000000	1.49	29.05	1.00
720.000000	1.52	27.97	0.99
728.000000	1.55	26.83	0.99
736.000000	1.55	25.76	1.00
744.000000	1.53	24.93	1.00
752.000000	1.50	24.28	1.00
760.000000	1.48	23.79	0.99
768.000000	1.49	23.36	0.99
776.000000	1.48	22.68	0.99
784.000000	1.45	21.95	0.99
792.000000	1.39	21.24	0.99
800.000000	1.29	20.42	0.99
808.000000	1.18	19.93	0.99
816.000000	1.05	19.61	0.99
824.000000	0.92	19.65	1.00
832.000000	0.83	19.91	0.99
840.000000	0.79	20.38	0.97
848.000000	0.84	20.77	0.99
856.000000	0.94	20.93	0.99
864.000000	1.04	20.71	0.99
872.000000	1.12	20.19	0.99
880.000000	1.18	19.71	1.00
888.000000	1.22	19.22	0.99
896.000000	1.24	18.66	0.99
904.000000	1.23	18.22	0.99
912.000000	1.20	17.91	0.99
920.000000	1.17	17.65	0.98
928.000000	1.19	17.40	1.00
936.000000	1.22	17.04	1.00
944.000000	1.24	16.63	1.00
952.000000	1.23	16.32	1.00
960.000000	1.20	16.05	0.98
968.000000	1.15	15.82	0.98
976.000000	1.08	15.74	0.99
984.000000	1.03	15.79	0.99
992.000000	0.99	15.96	0.98
1000.000000	0.97	16.01	0.98
1008.000000	0.93	15.92	0.99
1016.000000	0.91	15.87	0.99
1024.000000	0.90	15.87	0.99
1032.000000	0.90	15.88	0.99
1040.000000	0.92	15.79	0.99
1048.000000	0.92	15.71	0.99
1056.000000	0.92	15.78	1.00
1064.000000	0.94	15.93	0.99
1072.000000	0.97	16.08	0.99
1080.000000	1.01	16.14	0.99
1088.000000	1.05	16.16	0.99
1096.000000	1.07	16.27	0.99
1104.000000	1.09	16.44	0.98
1112.000000	1.12	16.59	0.98
1120.000000	1.18	16.68	0.99
1128.000000	1.23	16.64	1.00
1136.000000	1.28	16.59	0.99
1144.000000	1.32	16.48	0.99
1152.000000	1.37	16.18	0.98
1160.000000	1.38	15.85	0.99
1168.000000	1.37	15.66	0.99
1176.000000	1.35	15.62	0.99
1184.000000	1.34	15.63	0.99
1192.000000	1.36	15.68	0.99
1200.000000	1.39	15.63	0.98
1208.000000	1.42	15.54	0.99
1216.000000	1.47	15.50	0.97
1224.000000	1.54	15.41	0.98
1232.000000	1.62	15.16	0.99
1240.000000	1.70	14.77	1.00
1248.000000	1.75	14.33	0.99
1256.000000	1.78	13.93	0.99
1264.000000	1.81	13.57	0.99
1272.000000	1.85	13.24	0.99
1280.000000	1.89	12.85	0.99
1288.000000	1.94	12.36	0.98
1296.000000	1.96	11.82	0.96
1304.000000	1.98	11.38	0.95
1312.000000	1.99	10.96	0.98
1320.000000	1.98	10.57	0.98
1328.000000	1.97	10.23	0.99
1336.000000	1.96	9.96	0.99
1344.000000	1.96	9.80	0.97
1352.000000	1.99	9.60	0.99
1360.000000	2.01	9.28	0.99
1368.000000	2.03	8.97	0.98
1376.000000	2.05	8.73	0.99
1384.000000	2.08	8.55	0.98
1392.000000	2.11	8.37	0.99
1400.000000	2.14	8.24	0.98
1408.000000	2.20	8.10	0.98
1416.000000	2.26	7.85	0.98
1424.000000	2.33	7.48	0.99
1432.000000	2.37	7.00	0.99
1440.000000	2.41	6.53	0.99
1448.000000	2.44	6.06	0.99
1456.000000	2.45	5.53	0.99
1464.000000	2.45	4.89	0.98
1472.000000	2.43	4.35	0.98
1480.000000	2.41	3.86	0.99
1488.000000	2.39	3.38	0.98
1496.000000	2.38	2.83	0.99
1504.000000	2.36	2.27	0.99
1512.000000	2.33	1.67	1.00
1520.000000	2.28	1.07	0.99
1528.000000	2.23	0.54	0.99
1536.000000	2.17	0.14	0.99
1544.000000	2.12	-0.17	0.99
1552.000000	2.07	-0.42	1.00
1560.000000	2.02	-0.64	0.99
1568.000000	1.98	-0.85	0.99
1576.000000	1.94	-1.08	0.99
1584.000000	1.90	-1.29	0.99
1592.000000	1.86	-1.46	0.97
1600.000000	1.83	-1.55	0.95
1608.000000	1.81	-1.66	0.97
1616.000000	1.79	-1.85	0.98
1624.000000	1.76	-2.00	0.98
1632.000000	1.74	-2.07	0.99
1640.000000	1.74	-2.14	0.99
1648.000000	1.75	-2.21	0.99
1656.000000	1.76	-2.31	0.99
1664.000000	1.78	-2.46	0.99
1672.000000	1.80	-2.67	0.99
1680.000000	1.81	-2.93	0.98
1688.000000	1.81	-3.07	0.98
1696.000000	1.82	-3.19	0.96
1704.000000	1.85	-3.39	0.97
1712.000000	1.87	-3.68	0.98
1720.000000	1.87	-4.16	0.99
1728.000000	1.86	-4.61	1.00
1736.000000	1.85	-5.05	0.99
1744.000000	1.84	-5.43	0.97
1752.000000	1.82	-5.84	0.98
1760.000000	1.81	-6.32	0.98
1768.000000	1.78	-6.87	0.97
1776.000000	1.73	-7.42	0.99
1784.000000	1.69	-7.91	0.99
1792.000000	1.65	-8.40	1.00
1800.000000	1.60	-8.91	0.99
1808.000000	1.55	-9.40	0.97
1816.000000	1.49	-9.82	0.97
1824.000000	1.44	-10.29	0.97
1832.000000	1.37	-10.77	0.99
1840.000000	1.31	-11.20	0.99
1848.000000	1.24	-11.59	0.99
1856.000000	1.17	-12.03	0.99
1866.665649	1.10	-12.97	0.98
1893.332275	0.99	-14.04	0.99
1919.998901	0.81	-15.15	0.99
1946.665527	0.65	-15.92	0.98
1973.332153	0.45	-16.12	0.99
1999.998779	0.29	-15.61	0.97
2026.665405	0.21	-14.95	0.98
2053.332031	0.15	-14.79	0.99
2079.998779	0.12	-14.47	0.98
2106.665527	0.15	-14.34	0.99
2133.332275	0.15	-14.41	0.99
2159.999023	0.12	-14.34	0.99
2186.665771	0.06	-14.15	0.98
2213.332520	-0.03	-13.87	0.98
2239.999268	-0.11	-13.92	0.98
2266.666016	-0.15	-14.13	0.99
2293.332764	-0.18	-14.51	0.99
2319.999512	-0.20	-15.04	0.99
2346.666260	-0.30	-15.69	0.99
2373.333008	-0.43	-16.00	0.97
2399.999756	-0.53	-16.15	0.98
2426.666504	-0.58	-16.17	0.98
2453.333252	-0.61	-16.33	0.99
2480.000000	-0.64	-16.46	0.98
2506.666748	-0.64	-16.92	0.99
2533.333496	-0.70	-17.39	0.99
2560.000244	-0.80	-17.93	0.98
2586.666992	-0.87	-18.39	0.98
2613.333740	-0.95	-18.74	0.99
2640.000488	-1.04	-18.83	0.98
2666.667236	-1.13	-19.29	0.98
2693.333984	-1.22	-19.63	0.99
2720.000732	-1.30	-19.92	0.98
2746.667480	-1.41	-20.17	0.97
2773.334229	-1.51	-20.10	0.95
2800.000977	-1.59	-20.12	0.96
2826.667725	-1.65	-20.25	0.96
2853.334473	-1.71	-20.28	0.96
2880.001221	-1.74	-20.35	0.97
2906.667969	-1.77	-20.65	0.98
2933.334717	-1.83	-20.99	0.99
2960.001465	-1.89	-21.46	0.96
2986.668213	-1.97	-21.92	0.96
3013.334961	-2.07	-22.47	0.97
3040.001709	-2.15	-23.21	0.97
3066.668457	-2.23	-23.99	0.95
3093.335205	-2.30	-24.72	0.95
3120.001953	-2.38	-25.47	0.97
3146.668701	-2.51	-26.23	0.98
3173.335449	-2.64	-26.85	0.97
3200.002197	-2.78	-27.35	0.97
3226.668945	-2.93	-27.67	0.97
3253.335693	-3.07	-27.90	0.95
3280.002441	-3.19	-27.97	0.95
3306.669189	-3.30	-28.02	0.97
3333.335938	-3.42	-28.09	0.97
3360.002686	-3.53	-28.11	0.98
3386.669434	-3.65	-28.15	0.99
3413.336182	-3.79	-28.17	0.96
3440.002930	-3.93	-28.05	0.94
3466.669678	-4.04	-27.81	0.95
3493.336426	-4.13	-27.60	0.96
3520.003174	-4.23	-27.43	0.94
3546.669922	-4.31	-27.43	0.94
3573.336670	-4.39	-27.50	0.94
3600.003418	-4.46	-27.60	0.92
3626.670166	-4.55	-27.55	0.92
3653.336914	-4.63	-27.62	0.96
3680.003662	-4.71	-27.72	0.95
3706.670410	-4.77	-27.79	0.94
3733.337158	-4.82	-27.99	0.90
3760.003906	-4.89	-28.40	0.92
3786.670654	-4.98	-28.77	0.92
3813.337402	-5.05	-29.20	0.93
3840.004150	-5.12	-29.55	0.89
3866.670898	-5.19	-29.66	0.78
3893.337646	-5.25	-29.73	0.79
3920.004395	-5.31	-29.80	0.87
3946.671143	-5.36	-29.84	0.79
3973.337891	-5.39	-29.94	0.88
4000.004639	-5.46	-29.73	0.87
4026.671387	-5.53	-29.28	0.80
4053.338135	-5.59	-28.55	0.86
4080.004883	-5.64	-27.66	0.85
4106.671387	-5.67	-26.63	0.82
4133.337891	-5.71	-25.92	0.84
4160.004395	-5.77	-25.19	0.86
4186.670898	-5.80	-24.44	0.81
4213.337402	-5.82	-23.65	0.84
4240.003906	-5.78	-22.77	0.89
4266.670410	-5.70	-22.00	0.89
4293.336914	-5.60	-21.47	0.91
4320.003418	-5.48	-21.05	0.92
4346.669922	-5.34	-20.87	0.91
4373.336426	-5.20	-20.80	0.88
4400.002930	-5.05	-20.88	0.88
4426.669434	-4.88	-21.15	0.95
4453.335938	-4.73	-21.53	0.96
4480.002441	-4.55	-21.98	0.96
4506.668945	-4.35	-22.50	0.96
4533.335449	-4.15	-23.13	0.93
4560.001953	-3.96	-23.99	0.93
4586.668457	-3.79	-24.91	0.92
4613.334961	-3.63	-26.01	0.91
4640.001465	-3.50	-27.24	0.94
4666.667969	-3.37	-28.54	0.92
4693.334473	-3.26	-29.89	0.90
4720.000977	-3.17	-31.37	0.91
4746.667480	-3.11	-33.04	0.94
4773.333984	-3.10	-34.79	0.94
4800.000488	-3.12	-36.55	0.93
4826.666992	-3.13	-38.30	0.92
4853.333496	-3.16	-40.02	0.89
4880.000000	-3.18	-41.67	0.91
4906.666504	-3.20	-43.40	0.89
4933.333008	-3.20	-45.20	0.90
4959.999512	-3.20	-47.04	0.90
4986.666016	-3.21	-49.11	0.91
5013.332520	-3.24	-51.36	0.94
5039.999023	-3.30	-53.69	0.96
5066.665527	-3.39	-56.17	0.96
5093.332031	-3.51	-58.72	0.95
5119.998535	-3.67	-61.33	0.91
5146.665039	-3.86	-63.97	0.91
5173.331543	-4.09	-66.59	0.90
5199.998047	-4.35	-69.09	0.90
5226.664551	-4.64	-71.40	0.91
5253.331055	-4.96	-73.31	0.87
5279.997559	-5.29	-74.88	0.88
5306.664063	-5.62	-76.16	0.88
5333.330566	-5.94	-77.04	0.68
5359.997070	-6.24	-77.47	0.60
5386.663574	-6.50	-77.74	0.54
5413.330078	-6.71	-77.95	0.25
5439.996582	-6.91	-78.20	0.61
5466.663086	-7.08	-78.63	0.70
5493.329590	-7.25	-79.32	0.79
5519.996094	-7.42	-80.35	0.83
5546.662598	-7.61	-81.22	0.88
5573.329102	-7.83	-82.32	0.80
5599.995605	-8.08	-83.65	0.84
5626.662109	-8.35	-85.07	0.84
5653.328613	-8.63	-86.40	0.82
5679.995117	-8.93	-87.66	0.86
5706.661621	-9.24	-88.84	0.86
5733.328125	-9.54	-89.99	0.89
5759.994629	-9.86	-91.06	0.90
5786.661133	-10.17	-92.10	0.87
5813.327637	-10.48	-93.06	0.87
5839.994141	-10.79	-93.95	0.86
5866.660645	-11.11	-94.91	0.85
5893.327148	-11.41	-95.80	0.85
5919.993652	-11.71	-96.67	0.81
5946.660156	-11.99	-97.47	0.81
5973.326660	-12.25	-98.25	0.76
5999.993164	-12.50	-99.03	0.70
6026.659668	-12.75	-99.77	0.86
6053.326172	-12.98	-100.52	0.85
6079.992676	-13.18	-101.29	0.84
6106.659180	-13.36	-102.09	0.90
6133.325684	-13.54	-102.98	0.84
6159.992188	-13.72	-104.01	0.75
6186.658691	-13.89	-105.08	0.83
6213.325195	-14.08	-106.24	0.90
6239.991699	-14.27	-107.44	0.88
6266.658203	-14.46	-108.59	0.77
6293.324707	-14.66	-109.80	0.70
6319.991211	-14.85	-111.07	0.69
6346.657715	-15.03	-112.34	0.76
6373.324219	-15.20	-113.64	0.73
6399.990723	-15.39	-114.92	0.67
6426.657227	-15.59	-116.20	0.81
6453.323730	-15.79	-117.51	0.80
6479.990234	-15.98	-118.88	0.66
6506.656738	-16.16	-120.23	0.69
6533.323242	-16.34	-121.61	0.72
6559.989746	-16.52	-122.98	0.82
6586.656250	-16.69	-124.29	0.78
6613.322754	-16.85	-125.55	0.76
6639.989258	-17.01	-126.76	0.71
6666.655762	-17.17	-127.86	0.85
6693.322266	-17.33	-128.95	0.80
6719.988770	-17.49	-129.93	0.68
6746.655273	-17.65	-130.82	0.74
6773.321777	-17.81	-131.63	0.76
6799.988281	-17.97	-132.34	0.77
6826.654785	-18.13	-132.99	0.73
6853.321289	-18.28	-133.56	0.62
6879.987793	-18.43	-134.07	0.60
6906.654297	-18.57	-134.49	0.53
6933.320801	-18.71	-134.80	0.44
6959.987305	-18.84	-135.04	0.46
6986.653809	-18.96	-135.19	0.37
7013.320313	-19.06	-135.30	0.04
7039.986816	-19.16	-135.47	0.23
7066.653320	-19.25	-135.60	0.36
7093.319824	-19.34	-135.73	0.20
7119.986328	-19.42	-135.88	0.56
7146.652832	-19.50	-136.09	0.26
7173.319336	-19.56	-136.42	0.57
7199.985840	-19.61	-136.92	0.60
7226.652344	-19.64	-137.64	0.75
7253.318848	-19.64	-138.53	0.79
7279.985352	-19.64	-139.55	0.76
7306.651855	-19.64	-140.78	0.70
7333.318359	-19.64	-142.05	0.64
7359.984863	-19.63	-143.51	0.60
7386.651367	-19.62	-145.04	0.63
7413.317871	-19.61	-146.85	0.71
7439.984375	-19.62	-148.85	0.63
7466.650879	-19.63	-150.95	0.46
7493.317383	-19.65	-153.15	0.50
7519.983887	-19.69	-155.45	0.49
7546.650391	-19.74	-157.89	0.55
7573.316895	-19.80	-160.24	0.47
7599.983398	-19.87	-162.63	0.38
7626.649902	-19.96	-165.15	0.49
7653.316406	-20.05	-167.74	0.47
7679.982910	-20.16	-170.38	0.36
7706.649414	-20.29	-173.16	0.47
7733.315918	-20.42	-176.00	0.33
7759.982422	-20.57	-178.90	0.40
7786.648926	-20.73	178.19	0.36
7813.315430	-20.90	175.09	0.36
7839.981934	-21.08	171.70	0.50
7866.648438	-21.27	168.10	0.51
7893.314941	-21.47	164.40	0.50
7919.981445	-21.68	160.54	0.53
7946.647949	-21.89	156.41	0.50
7973.314453	-22.10	151.82	0.47
7999.980957	-22.31	146.59	0.47
8026.647461	-22.52	140.56	0.44
8053.313965	-22.72	133.44	0.47
8079.980469	-22.93	124.89	0.51
8106.646973	-23.13	114.78	0.44
8133.313477	-23.33	103.08	0.38
8159.979980	-23.53	90.52	0.33
8186.646484	-23.73	77.88	0.39
8213.313477	-23.92	65.80	0.59
8239.980469	-24.11	55.15	0.44
8266.647461	-24.27	46.09	0.35
8293.314453	-24.43	38.42	0.36
8319.981445	-24.57	32.00	0.35
8346.648438	-24.71	26.40	0.42
8373.315430	-24.85	21.46	0.46
8399.982422	-24.99	16.98	0.36
8426.649414	-25.12	13.05	0.41
8453.316406	-25.26	9.30	0.56
8479.983398	-25.40	5.73	0.64
8506.650391	-25.52	2.41	0.69
8533.317383	-25.65	-0.75	0.74
8559.984375	-25.76	-3.74	0.71
8586.651367	-25.86	-6.57	0.59
8613.318359	-25.95	-9.22	0.72
8639.985352	-26.03	-11.73	0.80
8666.652344	-26.11	-14.11	0.66
8693.319336	-26.17	-16.34	0.55
8719.986328	-26.22	-18.46	0.53
8746.653320	-26.25	-20.51	0.65
8773.320313	-26.27	-22.48	0.70
8799.987305	-26.28	-24.44	0.68
8826.654297	-26.28	-26.47	0.71
8853.321289	-26.29	-28.39	0.64
8879.988281	-26.28	-30.25	0.64
8906.655273	-26.28	-32.03	0.58
8933.322266	-26.27	-33.75	0.64
8959.989258	-26.26	-35.41	0.54
8986.656250	-26.25	-37.03	0.59
9013.323242	-26.22	-38.62	0.74
9039.990234	-26.20	-40.18	0.67
9066.657227	-26.17	-41.65	0.62
9093.324219	-26.16	-43.08	0.58
9119.991211	-26.14	-44.40	0.55
9146.658203	-26.13	-45.63	0.48
9173.325195	-26.12	-46.83	0.65
9199.992188	-26.11	-47.95	0.43
9226.659180	-26.10	-48.98	0.56
9253.326172	-26.10	-49.93	0.57
9279.993164	-26.09	-50.81	0.41
9306.660156	-26.09	-51.59	0.47
9333.327148	-26.09	-52.21	0.39
9359.994141	-26.10	-52.71	0.26
9386.661133	-26.10	-53.17	0.22
9413.328125	-26.11	-53.62	0.12
9439.995117	-26.12	-54.02	0.08
9466.662109	-26.12	-54.43	0.28
9493.329102	-26.13	-54.82	0.10
9519.996094	-26.12	-55.24	0.26
9546.663086	-26.12	-55.68	0.66
9573.330078	-26.11	-56.18	0.68
9600.000977	-26.08	-58.17	0.63
9733.333984	-26.08	-61.41	0.74
9866.666992	-26.08	-67.11	0.69
10000.000000	-26.03	-73.62	0.65
10133.333008	-25.82	-80.05	0.72
10266.666016	-25.49	-87.38	0.77
10399.999023	-25.21	-95.97	0.76
10533.332031	-24.93	-105.35	0.71
10666.665039	-24.78	-114.84	0.78
10799.998047	-24.67	-123.79	0.67
10933.331055	-24.52	-130.42	0.67
11066.664063	-24.28	-135.21	0.77
11199.997070	-23.85	-139.22	0.77
11333.330078	-23.35	-142.78	0.48
11466.663086	-22.98	-147.02	0.37
11599.996094	-22.72	-152.02	0.43
11733.329102	-22.60	-157.24	0.52
11866.662109	-22.58	-163.00	0.46
11999.995117	-22.60	-168.90	0.50
12133.328125	-22.62	-175.56	0.69
12266.661133	-22.67	176.51	0.80
12399.994141	-22.71	167.55	0.89
12533.327148	-22.78	157.25	0.93
12666.660156	-22.99	146.95	0.93
12799.993164	-23.36	136.19	0.93
12933.326172	-23.87	125.50	0.88
13066.659180	-24.44	115.81	0.93
13199.992188	-24.99	105.29	0.95
13333.325195	-25.52	93.52	0.90
13466.658203	-26.03	77.70	0.68
13599.991211	-26.48	37.07	0.69
13733.324219	-26.97	-23.31	0.72
13866.657227	-27.44	-55.37	0.65
13999.990234	-27.89	-71.20	0.59
14133.323242	-28.23	-80.48	0.80
14266.656250	-28.49	-86.61	0.77
14399.989258	-28.68	-90.75	0.54
14533.322266	-28.80	-92.72	0.64
14666.655273	-28.85	-89.46	0.27
14799.988281	-28.71	-87.51	0.56
14933.321289	-28.51	-88.65	0.58
15066.654297	-28.32	-91.98	0.38
15199.987305	-28.15	-97.79	0.31
15333.320313	-27.98	-104.13	0.70
15466.653320	-27.80	-111.77	0.79
15599.986328	-27.70	-118.77	0.87
15733.319336	-27.69	-126.41	0.68
15866.652344	-27.71	-132.13	0.84
15999.985352	-27.81	-134.41	0.64
16133.318359	-27.94	-130.33	0.57
16266.651367	-28.10	-123.15	0.67
16399.984375	-28.21	-120.86	0.52
16533.318359	-28.21	-124.87	0.58
16666.652344	-28.15	-133.52	0.76
16799.986328	-28.14	-144.23	0.70
16933.320313	-28.22	-152.79	0.54
17066.654297	-28.38	-157.18	0.63
17199.988281	-28.64	-142.29	0.68
17333.322266	-28.92	-97.43	0.78
17466.656250	-29.22	-85.51	0.79
17599.990234	-29.53	-86.15	0.76
17733.324219	-29.79	-91.29	0.57
17866.658203	-30.07	-100.50	0.49
17999.992188	-30.35	-109.01	0.61
18133.326172	-30.56	-115.79	0.57
18266.660156	-30.76	-120.32	0.56
18399.994141	-31.00	-120.06	0.66
18533.328125	-31.28	-116.17	0.51
18666.662109	-31.53	-113.59	0.77
18799.996094	-31.77	-115.72	0.74
18933.330078	-32.00	-120.84	0.71
19066.664063	-32.22	-127.49	0.65
19199.998047	-32.44	-134.63	0.60
19333.332031	-32.63	-141.21	0.76
19466.666016	-32.80	-147.42	0.87
19600.000000	-32.94	-152.65	0.93
19733.333984	-33.05	-156.90	0.88
19866.667969	-33.11	-159.69	0.75
20000.001953	-33.15	-160.95	0.71
