	Dir_15g		
Frequency (Hz)	Magnitude (dB)	Phase (degrees)	Coherence
10.742188	-31.97	88.98	0.64
11.718750	-28.49	171.07	0.71
12.695313	-27.81	-156.57	0.47
13.671875	-23.74	-128.27	0.06
14.648438	-27.17	9.27	0.20
15.625000	-30.65	133.58	0.37
16.601563	-28.69	-129.81	0.77
17.578125	-29.44	-136.26	0.84
18.554688	-32.14	-149.29	0.91
19.531250	-32.81	162.79	0.70
20.507813	-30.15	141.42	0.63
21.484375	-30.56	-148.54	0.46
22.460938	-29.01	-160.22	0.54
23.437500	-23.21	-170.28	0.04
24.414063	-22.53	146.89	0.51
25.390625	-25.68	151.57	0.73
26.367188	-29.64	178.22	0.67
27.343750	-31.44	-167.72	0.89
28.320313	-32.71	-170.45	0.61
29.296875	-30.69	-179.97	0.73
30.273438	-30.46	175.99	0.86
31.250000	-29.98	170.72	0.91
32.226563	-29.37	167.61	0.94
33.203125	-29.16	168.69	0.92
34.179688	-28.45	172.49	0.95
35.156250	-28.08	173.92	0.91
36.132813	-27.98	174.67	0.86
37.109375	-27.90	-174.09	0.85
38.085938	-26.65	-165.54	0.73
39.062500	-26.35	-161.18	0.84
40.039063	-26.29	-163.64	0.83
41.015625	-26.45	-175.38	0.86
41.992188	-26.55	179.09	0.93
42.968750	-26.51	175.11	0.98
43.945313	-26.26	172.90	0.97
44.921875	-26.14	175.07	0.95
45.898438	-25.40	175.66	0.94
46.875000	-24.69	176.00	0.99
47.851563	-24.26	175.91	0.98
48.828125	-24.03	175.23	0.99
49.804688	-23.80	174.21	0.99
50.781250	-23.40	173.37	0.99
51.757813	-22.99	172.71	0.99
52.734375	-22.49	172.27	0.99
53.710938	-22.00	171.55	0.99
54.687500	-21.55	170.82	0.99
55.664063	-21.15	169.25	0.97
56.640625	-20.95	169.35	0.98
57.617188	-20.86	169.33	0.99
58.593750	-20.68	169.33	1.00
59.570313	-20.47	169.11	0.99
60.546875	-20.17	168.33	0.93
61.523438	-19.84	167.10	0.98
62.500000	-19.45	165.95	0.99
63.476563	-18.98	164.91	0.99
64.453125	-18.44	163.37	0.99
65.429688	-17.94	161.55	0.94
66.406250	-17.54	160.95	0.98
67.382813	-17.17	160.10	0.99
68.359375	-16.86	159.78	0.99
69.335938	-16.55	159.32	0.99
70.312500	-16.21	158.73	0.99
71.289063	-15.97	157.10	1.00
72.265625	-15.76	155.28	1.00
73.242188	-15.52	153.25	0.99
74.218750	-15.34	151.07	0.99
75.195313	-15.25	149.00	1.00
76.171875	-15.24	147.04	1.00
77.148438	-15.28	145.13	0.99
78.125000	-15.31	143.50	0.99
79.101563	-15.38	142.44	1.00
80.078125	-15.45	142.14	1.00
81.054688	-15.48	141.96	0.99
82.031250	-15.45	141.64	0.98
83.007813	-15.38	142.11	0.97
83.984375	-15.34	143.14	1.00
84.960938	-15.29	144.04	0.99
85.937500	-15.23	144.83	1.00
86.914063	-15.13	145.37	1.00
87.890625	-15.00	145.71	1.00
88.867188	-14.81	145.81	1.00
89.843750	-14.59	145.59	0.99
90.820313	-14.34	145.11	0.99
91.796875	-14.16	144.43	1.00
92.773438	-14.02	143.61	1.00
93.750000	-13.95	142.83	1.00
94.726563	-13.90	142.11	0.98
95.703125	-13.88	141.90	0.99
96.679688	-13.83	142.18	1.00
97.656250	-13.71	142.55	0.99
98.632813	-13.53	142.92	0.98
99.609375	-13.31	143.30	1.00
100.585938	-13.06	143.55	1.00
101.562500	-12.78	143.74	1.00
102.539063	-12.49	143.62	1.00
103.515625	-12.20	143.25	1.00
104.492188	-11.87	142.73	0.98
105.468750	-11.55	141.85	0.99
106.445313	-11.29	140.99	0.99
107.421875	-11.09	139.45	1.00
108.398438	-10.95	137.71	0.99
109.375000	-10.86	136.02	1.00
110.351563	-10.80	134.60	1.00
111.328125	-10.75	133.46	1.00
112.304688	-10.71	132.62	1.00
113.281250	-10.68	132.14	1.00
114.257813	-10.65	131.88	1.00
115.234375	-10.61	131.93	0.99
116.210938	-10.56	132.06	1.00
117.187500	-10.45	132.14	0.99
118.164063	-10.32	132.17	0.98
119.140625	-10.17	132.27	0.99
120.117188	-10.03	132.38	1.00
121.093750	-9.92	132.50	1.00
122.070313	-9.81	132.49	1.00
123.046875	-9.69	132.33	0.99
124.023438	-9.58	132.02	1.00
125.000000	-9.48	131.56	0.99
125.976563	-9.39	131.11	0.99
126.953125	-9.29	130.86	0.99
127.929688	-9.18	130.76	0.99
128.906250	-9.10	130.44	0.99
129.882813	-9.00	130.01	0.99
130.859375	-8.90	129.66	1.00
131.835938	-8.77	129.46	1.00
132.812500	-8.63	129.36	0.99
133.789063	-8.46	129.24	1.00
134.765625	-8.30	129.08	1.00
135.742188	-8.14	128.89	0.99
136.718750	-7.97	128.64	0.99
137.695313	-7.77	128.27	0.99
138.671875	-7.45	127.42	0.99
140.625000	-7.16	126.16	0.99
142.578125	-6.93	124.61	0.99
144.531250	-6.82	123.38	0.98
146.484375	-6.62	122.41	0.98
148.437500	-6.39	121.14	0.98
150.390625	-6.23	119.40	0.99
152.343750	-6.17	118.45	0.98
154.296875	-6.02	117.86	0.98
156.250000	-5.78	117.33	0.98
158.203125	-5.47	116.07	0.99
160.156250	-5.27	114.14	0.99
162.109375	-5.17	112.02	0.99
164.062500	-5.15	110.25	0.99
166.015625	-5.17	108.89	0.99
167.968750	-5.20	107.69	0.99
169.921875	-5.21	106.67	0.99
171.875000	-5.22	105.70	0.99
173.828125	-5.25	104.63	0.99
175.781250	-5.34	103.56	0.99
177.734375	-5.48	102.88	1.00
179.687500	-5.68	102.71	0.99
181.640625	-5.92	103.40	0.98
183.593750	-6.08	104.90	0.97
185.546875	-6.09	107.11	0.94
187.500000	-5.93	109.41	0.95
189.453125	-5.59	111.23	0.97
191.406250	-5.18	112.42	0.99
193.359375	-4.76	112.87	0.99
195.312500	-4.33	112.94	0.99
197.265625	-3.89	112.87	0.99
199.218750	-3.39	112.56	0.96
201.171875	-2.85	111.78	0.97
203.125000	-2.33	110.01	0.96
205.078125	-1.97	107.54	0.98
207.031250	-1.72	105.09	0.99
208.984375	-1.55	103.08	0.99
210.937500	-1.44	101.45	1.00
212.890625	-1.33	99.96	1.00
214.843750	-1.24	98.58	1.00
216.796875	-1.15	97.29	1.00
218.750000	-1.06	95.98	1.00
220.703125	-0.99	94.68	1.00
222.656250	-0.92	93.32	1.00
224.609375	-0.86	92.05	1.00
226.562500	-0.80	90.73	0.99
228.515625	-0.76	89.42	1.00
230.468750	-0.73	88.22	1.00
232.421875	-0.69	87.11	1.00
234.375000	-0.67	86.07	1.00
236.328125	-0.67	85.10	0.99
238.281250	-0.67	84.39	1.00
240.234375	-0.66	83.87	0.98
242.187500	-0.63	83.18	0.99
244.140625	-0.59	82.36	1.00
246.093750	-0.56	81.54	0.99
248.046875	-0.54	80.67	0.99
250.000000	-0.55	79.99	1.00
251.953125	-0.57	79.44	0.99
253.906250	-0.62	79.00	1.00
255.859375	-0.65	78.72	1.00
257.812500	-0.63	78.61	0.99
259.765625	-0.56	78.51	0.99
261.718750	-0.42	78.32	0.99
263.671875	-0.26	77.94	0.99
265.625000	-0.09	77.58	0.99
267.578125	0.09	77.21	0.96
269.531250	0.30	76.53	0.98
271.484375	0.50	75.35	0.98
273.437500	0.67	73.79	0.99
275.390625	0.78	72.03	1.00
277.343750	0.86	69.36	1.00
281.250000	0.86	66.52	0.98
285.156250	0.66	63.73	1.00
289.062500	0.39	61.38	0.99
292.968750	0.01	59.26	0.99
296.875000	-0.40	58.17	1.00
300.781250	-0.80	58.17	0.99
304.687500	-1.11	59.26	0.96
308.593750	-1.26	60.83	0.99
312.500000	-1.30	62.32	0.99
316.406250	-1.31	63.77	0.99
320.312500	-1.32	65.61	0.99
324.218750	-1.29	67.69	0.98
328.125000	-1.13	70.16	0.95
332.031250	-0.78	71.97	0.98
335.937500	-0.35	73.06	0.99
339.843750	0.12	73.69	0.98
343.750000	0.63	73.10	0.99
347.656250	1.11	71.77	0.98
351.562500	1.45	69.41	0.99
355.468750	1.65	66.60	1.00
359.375000	1.73	63.96	0.99
363.281250	1.72	61.42	0.99
367.187500	1.67	59.47	0.99
371.093750	1.64	58.18	0.99
375.000000	1.65	56.96	0.99
378.906250	1.63	55.89	0.99
382.812500	1.62	54.97	1.00
386.718750	1.62	54.10	1.00
390.625000	1.65	53.31	1.00
394.531250	1.70	52.56	1.00
398.437500	1.76	51.61	1.00
402.343750	1.80	50.46	1.00
406.250000	1.84	49.09	1.00
410.156250	1.83	47.76	1.00
414.062500	1.78	46.47	0.99
417.968750	1.70	45.56	0.99
421.875000	1.60	44.82	1.00
425.781250	1.48	44.21	1.00
429.687500	1.36	43.78	1.00
433.593750	1.23	43.69	0.99
437.500000	1.11	43.86	0.99
441.406250	1.06	44.05	1.00
445.312500	1.03	44.21	1.00
449.218750	1.03	44.34	0.99
453.125000	1.06	44.29	0.99
457.031250	1.09	44.06	1.00
460.937500	1.11	43.76	1.00
464.843750	1.09	43.45	1.00
468.750000	1.07	43.27	0.99
472.656250	1.05	43.31	0.99
476.562500	1.08	43.58	0.97
480.468750	1.14	43.73	0.99
484.375000	1.21	43.75	1.00
488.281250	1.26	43.56	0.99
492.187500	1.31	43.31	0.99
496.093750	1.34	42.90	0.99
500.000000	1.34	42.43	0.99
503.906250	1.35	42.12	1.00
507.812500	1.36	41.94	0.99
511.718750	1.39	41.92	0.99
515.625000	1.46	41.88	0.98
519.531250	1.58	41.78	0.99
523.437500	1.71	41.34	0.99
527.343750	1.82	40.52	0.99
531.250000	1.90	39.40	1.00
535.156250	1.91	38.24	0.99
539.062500	1.89	37.08	0.98
542.968750	1.85	36.22	0.99
546.875000	1.82	35.61	0.99
550.781250	1.80	35.10	0.99
554.687500	1.76	34.49	1.00
560.000000	1.72	33.85	1.00
568.000000	1.66	33.26	1.00
576.000000	1.58	32.91	0.99
584.000000	1.56	32.94	0.99
592.000000	1.59	32.80	1.00
600.000000	1.64	32.53	1.00
608.000000	1.72	32.15	0.99
616.000000	1.78	31.53	0.99
624.000000	1.76	30.80	1.00
632.000000	1.75	30.12	0.99
640.000000	1.71	29.52	0.99
648.000000	1.65	28.93	1.00
656.000000	1.54	28.67	0.99
664.000000	1.40	28.83	0.97
672.000000	1.35	29.76	0.97
680.000000	1.43	30.57	0.99
688.000000	1.61	31.09	0.99
696.000000	1.83	30.98	0.99
704.000000	2.01	30.59	1.00
712.000000	2.14	29.89	1.00
720.000000	2.22	28.99	1.00
728.000000	2.27	28.07	1.00
736.000000	2.30	27.19	1.00
744.000000	2.31	26.40	1.00
752.000000	2.32	25.69	0.99
760.000000	2.30	25.06	0.99
768.000000	2.34	24.39	0.99
776.000000	2.36	23.33	1.00
784.000000	2.34	22.16	1.00
792.000000	2.26	21.11	1.00
800.000000	2.14	20.28	1.00
808.000000	2.00	19.74	1.00
816.000000	1.85	19.49	1.00
824.000000	1.74	19.57	0.99
832.000000	1.64	20.07	0.97
840.000000	1.63	20.59	0.99
848.000000	1.71	20.96	0.99
856.000000	1.80	21.05	1.00
864.000000	1.89	20.96	1.00
872.000000	1.97	20.69	1.00
880.000000	2.04	20.40	0.99
888.000000	2.11	20.30	0.99
896.000000	2.21	20.01	0.99
904.000000	2.29	19.50	1.00
912.000000	2.35	18.87	1.00
920.000000	2.39	18.16	1.00
928.000000	2.40	17.43	1.00
936.000000	2.39	16.65	0.99
944.000000	2.36	16.04	0.99
952.000000	2.31	15.69	0.99
960.000000	2.27	15.52	0.99
968.000000	2.24	15.38	0.99
976.000000	2.21	15.23	1.00
984.000000	2.18	15.05	1.00
992.000000	2.15	14.88	0.99
1000.000000	2.12	14.72	0.99
1008.000000	2.08	14.64	0.99
1016.000000	2.06	14.76	0.99
1024.000000	2.06	14.92	1.00
1032.000000	2.06	14.93	1.00
1040.000000	2.05	14.87	1.00
1048.000000	2.03	14.82	0.98
1056.000000	2.03	14.84	1.00
1064.000000	2.04	14.95	1.00
1072.000000	2.07	15.02	1.00
1080.000000	2.10	15.00	1.00
1088.000000	2.12	14.86	1.00
1096.000000	2.13	14.80	0.99
1104.000000	2.12	14.84	0.97
1112.000000	2.15	14.92	0.98
1120.000000	2.21	14.97	1.00
1128.000000	2.27	14.92	1.00
1136.000000	2.34	14.81	0.99
1144.000000	2.42	14.51	0.99
1152.000000	2.48	14.02	0.99
1160.000000	2.50	13.38	1.00
1168.000000	2.50	12.75	0.99
1176.000000	2.46	12.25	1.00
1184.000000	2.42	11.98	0.99
1192.000000	2.40	11.83	0.99
1200.000000	2.39	11.65	1.00
1208.000000	2.39	11.44	1.00
1216.000000	2.41	11.27	0.99
1224.000000	2.43	10.98	0.98
1232.000000	2.45	10.64	0.99
1240.000000	2.47	10.32	1.00
1248.000000	2.50	10.04	1.00
1256.000000	2.53	9.78	0.99
1264.000000	2.58	9.46	0.99
1272.000000	2.62	9.10	0.99
1280.000000	2.65	8.65	1.00
1288.000000	2.67	8.20	0.99
1296.000000	2.67	7.77	0.98
1304.000000	2.64	7.51	0.96
1312.000000	2.64	7.32	0.95
1320.000000	2.62	7.01	0.99
1328.000000	2.59	6.70	1.00
1336.000000	2.56	6.47	1.00
1344.000000	2.52	6.35	0.99
1352.000000	2.50	6.28	0.98
1360.000000	2.48	6.07	0.98
1368.000000	2.45	5.88	0.97
1376.000000	2.44	5.80	0.96
1384.000000	2.47	5.73	0.97
1392.000000	2.49	5.64	0.99
1400.000000	2.52	5.50	0.99
1408.000000	2.55	5.25	1.00
1416.000000	2.58	4.90	0.99
1424.000000	2.59	4.43	0.99
1432.000000	2.58	4.07	0.99
1440.000000	2.58	3.77	0.99
1448.000000	2.58	3.42	1.00
1456.000000	2.58	2.99	0.99
1464.000000	2.57	2.43	0.98
1472.000000	2.55	1.92	0.99
1480.000000	2.50	1.61	0.99
1488.000000	2.46	1.49	0.99
1496.000000	2.43	1.43	0.99
1504.000000	2.41	1.32	0.99
1512.000000	2.40	1.15	1.00
1520.000000	2.38	0.91	1.00
1528.000000	2.35	0.69	0.99
1536.000000	2.30	0.54	0.99
1544.000000	2.26	0.53	0.97
1552.000000	2.23	0.51	0.99
1560.000000	2.20	0.50	1.00
1568.000000	2.16	0.47	1.00
1576.000000	2.12	0.44	1.00
1584.000000	2.08	0.46	1.00
1592.000000	2.04	0.58	0.99
1600.000000	2.02	0.78	0.96
1608.000000	2.01	0.95	0.96
1616.000000	2.00	0.91	0.98
1624.000000	1.98	0.91	0.99
1632.000000	1.96	0.99	0.99
1640.000000	1.95	1.07	0.98
1648.000000	1.96	1.11	0.99
1656.000000	1.98	1.12	0.98
1664.000000	2.00	1.06	1.00
1672.000000	2.01	0.93	0.99
1680.000000	2.03	0.76	0.99
1688.000000	2.04	0.59	0.98
1696.000000	2.05	0.46	0.97
1704.000000	2.07	0.28	0.99
1712.000000	2.08	-0.00	0.99
1720.000000	2.08	-0.31	0.98
1728.000000	2.07	-0.58	1.00
1736.000000	2.06	-0.85	0.99
1744.000000	2.04	-1.07	0.97
1752.000000	2.03	-1.29	0.98
1760.000000	2.03	-1.61	0.99
1768.000000	2.00	-2.01	0.98
1776.000000	1.97	-2.35	0.99
1784.000000	1.93	-2.66	1.00
1792.000000	1.88	-2.91	1.00
1800.000000	1.83	-3.16	0.99
1808.000000	1.78	-3.32	0.97
1816.000000	1.73	-3.41	0.99
1824.000000	1.68	-3.54	1.00
1832.000000	1.62	-3.66	0.99
1840.000000	1.56	-3.75	0.99
1848.000000	1.50	-3.79	0.99
1856.000000	1.43	-3.77	0.99
1866.665649	1.34	-3.81	0.97
1893.332275	1.25	-3.94	0.96
1919.998901	1.12	-4.06	0.98
1946.665527	1.06	-4.09	0.99
1973.332153	0.96	-3.54	0.99
1999.998779	0.96	-2.63	0.98
2026.665405	1.00	-1.65	0.99
2053.332031	1.03	-1.54	0.99
2079.998779	1.06	-1.59	0.99
2106.665527	1.10	-2.19	0.99
2133.332275	1.12	-2.51	0.99
2159.999023	1.09	-2.54	0.99
2186.665771	1.02	-2.54	0.99
2213.332520	0.99	-2.36	0.98
2239.999268	1.01	-1.93	0.99
2266.666016	1.03	-1.85	0.99
2293.332764	1.09	-1.94	0.99
2319.999512	1.13	-1.91	0.99
2346.666260	1.15	-2.22	1.00
2373.333008	1.17	-2.23	0.99
2399.999756	1.25	-1.99	0.99
2426.666504	1.34	-1.82	1.00
2453.333252	1.41	-1.95	1.00
2480.000000	1.50	-2.14	0.99
2506.666748	1.58	-2.48	1.00
2533.333496	1.65	-2.87	0.99
2560.000244	1.75	-3.27	0.99
2586.666992	1.81	-3.80	0.99
2613.333740	1.83	-4.21	0.99
2640.000488	1.86	-4.52	0.99
2666.667236	1.90	-4.95	1.00
2693.333984	1.94	-5.50	1.00
2720.000732	1.97	-6.06	0.99
2746.667480	1.97	-6.57	0.99
2773.334229	1.96	-6.84	1.00
2800.000977	1.96	-7.08	1.00
2826.667725	1.94	-7.40	0.99
2853.334473	1.97	-7.69	0.99
2880.001221	2.03	-8.13	0.99
2906.667969	2.10	-8.83	0.99
2933.334717	2.18	-9.59	0.99
2960.001465	2.24	-10.38	0.99
2986.668213	2.28	-11.23	1.00
3013.334961	2.31	-12.04	0.98
3040.001709	2.32	-12.75	0.99
3066.668457	2.30	-13.36	1.00
3093.335205	2.28	-13.91	1.00
3120.001953	2.26	-14.45	1.00
3146.668701	2.22	-15.04	1.00
3173.335449	2.18	-15.59	1.00
3200.002197	2.12	-16.09	1.00
3226.668945	2.05	-16.47	1.00
3253.335693	1.99	-16.70	1.00
3280.002441	1.94	-16.84	1.00
3306.669189	1.90	-16.84	0.99
3333.335938	1.87	-16.91	1.00
3360.002686	1.85	-17.10	1.00
3386.669434	1.83	-17.24	0.99
3413.336182	1.82	-17.32	0.99
3440.002930	1.81	-17.34	0.99
3466.669678	1.82	-17.25	0.99
3493.336426	1.85	-17.19	0.99
3520.003174	1.88	-17.14	1.00
3546.669922	1.92	-17.10	0.99
3573.336670	1.97	-17.09	0.99
3600.003418	2.02	-17.07	0.99
3626.670166	2.06	-17.02	0.98
3653.336914	2.12	-17.01	0.98
3680.003662	2.18	-17.10	0.98
3706.670410	2.24	-17.20	0.96
3733.337158	2.31	-17.41	0.97
3760.003906	2.37	-17.86	0.98
3786.670654	2.42	-18.30	0.98
3813.337402	2.48	-18.85	0.99
3840.004150	2.53	-19.45	0.99
3866.670898	2.59	-20.07	0.99
3893.337646	2.65	-20.77	0.99
3920.004395	2.69	-21.53	0.99
3946.671143	2.71	-22.35	0.99
3973.337891	2.71	-23.21	0.96
4000.004639	2.67	-24.12	0.95
4026.671387	2.59	-24.92	0.96
4053.338135	2.51	-25.66	0.95
4080.004883	2.43	-26.26	0.92
4106.671387	2.39	-26.68	0.97
4133.337891	2.34	-27.24	0.96
4160.004395	2.28	-27.76	0.98
4186.670898	2.24	-28.21	0.99
4213.337402	2.21	-28.53	0.99
4240.003906	2.18	-28.74	0.99
4266.670410	2.16	-28.86	1.00
4293.336914	2.16	-28.97	1.00
4320.003418	2.19	-29.02	0.99
4346.669922	2.23	-29.11	0.99
4373.336426	2.29	-29.29	0.99
4400.002930	2.35	-29.53	0.99
4426.669434	2.41	-29.87	0.99
4453.335938	2.48	-30.28	0.99
4480.002441	2.56	-30.77	0.98
4506.668945	2.68	-31.39	0.98
4533.335449	2.79	-32.11	0.99
4560.001953	2.91	-32.93	0.99
4586.668457	3.02	-33.87	0.99
4613.334961	3.12	-34.97	0.99
4640.001465	3.20	-36.18	1.00
4666.667969	3.27	-37.47	0.99
4693.334473	3.32	-38.83	0.98
4720.000977	3.35	-40.06	0.97
4746.667480	3.38	-41.34	0.96
4773.333984	3.39	-42.56	0.97
4800.000488	3.38	-43.60	0.99
4826.666992	3.37	-44.65	0.98
4853.333496	3.36	-45.55	0.95
4880.000000	3.36	-46.31	0.97
4906.666504	3.37	-47.11	0.98
4933.333008	3.39	-47.84	0.98
4959.999512	3.43	-48.61	0.99
4986.666016	3.49	-49.53	0.98
5013.332520	3.54	-50.59	0.97
5039.999023	3.60	-51.79	0.99
5066.665527	3.65	-53.16	0.99
5093.332031	3.68	-54.65	0.99
5119.998535	3.69	-56.24	0.98
5146.665039	3.68	-58.00	0.98
5173.331543	3.62	-59.83	0.99
5199.998047	3.54	-61.63	0.99
5226.664551	3.43	-63.28	1.00
5253.331055	3.28	-64.77	0.99
5279.997559	3.12	-66.16	0.99
5306.664063	2.95	-67.39	0.99
5333.330566	2.79	-68.51	0.98
5359.997070	2.63	-69.60	0.97
5386.663574	2.50	-70.67	0.98
5413.330078	2.36	-71.66	0.96
5439.996582	2.23	-72.60	0.92
5466.663086	2.12	-73.52	0.98
5493.329590	2.01	-74.47	0.97
5519.996094	1.91	-75.57	0.98
5546.662598	1.79	-76.72	0.99
5573.329102	1.65	-77.93	0.98
5599.995605	1.50	-79.15	0.97
5626.662109	1.32	-80.28	0.99
5653.328613	1.14	-81.32	0.99
5679.995117	0.95	-82.22	1.00
5706.661621	0.76	-83.01	0.99
5733.328125	0.56	-83.68	0.99
5759.994629	0.38	-84.30	0.99
5786.661133	0.21	-84.90	0.99
5813.327637	0.03	-85.43	0.99
5839.994141	-0.13	-85.89	0.99
5866.660645	-0.30	-86.29	0.98
5893.327148	-0.45	-86.65	0.98
5919.993652	-0.60	-87.01	0.99
5946.660156	-0.73	-87.35	0.99
5973.326660	-0.85	-87.69	1.00
5999.993164	-0.96	-88.05	1.00
6026.659668	-1.07	-88.42	1.00
6053.326172	-1.16	-88.83	1.00
6079.992676	-1.26	-89.30	0.99
6106.659180	-1.35	-89.76	0.99
6133.325684	-1.44	-90.28	0.98
6159.992188	-1.54	-90.91	0.98
6186.658691	-1.64	-91.60	0.99
6213.325195	-1.74	-92.34	0.98
6239.991699	-1.86	-93.13	0.99
6266.658203	-2.00	-93.96	0.99
6293.324707	-2.13	-94.79	0.99
6319.991211	-2.27	-95.62	1.00
6346.657715	-2.42	-96.43	0.99
6373.324219	-2.58	-97.25	1.00
6399.990723	-2.74	-98.05	0.99
6426.657227	-2.91	-98.80	0.99
6453.323730	-3.08	-99.51	0.99
6479.990234	-3.27	-100.19	0.98
6506.656738	-3.46	-100.84	0.97
6533.323242	-3.66	-101.46	0.97
6559.989746	-3.85	-102.08	0.99
6586.656250	-4.06	-102.68	0.99
6613.322754	-4.27	-103.24	0.99
6639.989258	-4.48	-103.73	0.99
6666.655762	-4.69	-104.15	1.00
6693.322266	-4.90	-104.50	1.00
6719.988770	-5.11	-104.78	0.99
6746.655273	-5.31	-104.98	0.99
6773.321777	-5.50	-105.10	1.00
6799.988281	-5.69	-105.17	0.99
6826.654785	-5.86	-105.20	0.99
6853.321289	-6.03	-105.18	0.98
6879.987793	-6.18	-105.11	0.95
6906.654297	-6.32	-104.98	0.96
6933.320801	-6.43	-104.82	0.98
6959.987305	-6.53	-104.67	0.99
6986.653809	-6.62	-104.51	0.99
7013.320313	-6.70	-104.37	1.00
7039.986816	-6.77	-104.26	1.00
7066.653320	-6.82	-104.16	0.99
7093.319824	-6.87	-104.09	1.00
7119.986328	-6.91	-104.05	1.00
7146.652832	-6.94	-104.05	0.99
7173.319336	-6.95	-104.09	0.99
7199.985840	-6.97	-104.20	0.99
7226.652344	-6.97	-104.39	0.99
7253.318848	-6.98	-104.67	0.99
7279.985352	-6.99	-105.03	0.99
7306.651855	-6.99	-105.47	1.00
7333.318359	-7.00	-105.99	1.00
7359.984863	-7.02	-106.59	0.99
7386.651367	-7.04	-107.28	0.99
7413.317871	-7.07	-108.05	0.99
7439.984375	-7.12	-108.88	0.99
7466.650879	-7.17	-109.79	1.00
7493.317383	-7.24	-110.80	1.00
7519.983887	-7.32	-111.84	1.00
7546.650391	-7.41	-112.91	1.00
7573.316895	-7.51	-113.99	1.00
7599.983398	-7.63	-115.06	0.99
7626.649902	-7.76	-116.16	0.99
7653.316406	-7.91	-117.26	1.00
7679.982910	-8.07	-118.36	1.00
7706.649414	-8.24	-119.43	0.99
7733.315918	-8.42	-120.48	0.99
7759.982422	-8.61	-121.46	1.00
7786.648926	-8.80	-122.41	0.99
7813.315430	-9.01	-123.30	0.99
7839.981934	-9.22	-124.11	0.99
7866.648438	-9.44	-124.89	0.99
7893.314941	-9.66	-125.62	0.99
7919.981445	-9.89	-126.27	1.00
7946.647949	-10.12	-126.86	0.99
7973.314453	-10.36	-127.38	0.98
7999.980957	-10.59	-127.84	0.98
8026.647461	-10.82	-128.26	0.98
8053.313965	-11.06	-128.64	0.99
8079.980469	-11.29	-128.99	0.99
8106.646973	-11.51	-129.30	0.99
8133.313477	-11.73	-129.56	0.99
8159.979980	-11.95	-129.77	0.99
8186.646484	-12.16	-129.94	0.99
8213.313477	-12.36	-130.06	0.98
8239.980469	-12.55	-130.16	0.98
8266.647461	-12.73	-130.27	0.99
8293.314453	-12.91	-130.38	0.99
8319.981445	-13.08	-130.50	0.99
8346.648438	-13.25	-130.62	0.98
8373.315430	-13.42	-130.73	0.98
8399.982422	-13.57	-130.81	0.98
8426.649414	-13.72	-130.92	0.99
8453.316406	-13.88	-131.04	0.99
8479.983398	-14.02	-131.18	0.99
8506.650391	-14.16	-131.33	1.00
8533.317383	-14.31	-131.48	1.00
8559.984375	-14.44	-131.64	1.00
8586.651367	-14.58	-131.82	0.99
8613.318359	-14.71	-131.99	0.99
8639.985352	-14.84	-132.18	0.98
8666.652344	-14.96	-132.39	0.99
8693.319336	-15.09	-132.64	0.99
8719.986328	-15.21	-132.91	0.99
8746.653320	-15.34	-133.20	0.99
8773.320313	-15.48	-133.48	0.99
8799.987305	-15.61	-133.77	0.99
8826.654297	-15.74	-134.08	0.99
8853.321289	-15.88	-134.41	0.99
8879.988281	-16.02	-134.76	1.00
8906.655273	-16.16	-135.15	1.00
8933.322266	-16.30	-135.56	1.00
8959.989258	-16.45	-135.98	0.99
8986.656250	-16.60	-136.39	0.99
9013.323242	-16.76	-136.79	0.98
9039.990234	-16.93	-137.20	0.99
9066.657227	-17.09	-137.63	0.99
9093.324219	-17.26	-138.05	0.99
9119.991211	-17.44	-138.50	0.97
9146.658203	-17.62	-138.90	0.96
9173.325195	-17.82	-139.27	0.98
9199.992188	-18.01	-139.62	0.97
9226.659180	-18.21	-139.93	0.98
9253.326172	-18.40	-140.21	0.99
9279.993164	-18.60	-140.46	0.99
9306.660156	-18.79	-140.67	0.99
9333.327148	-18.99	-140.83	0.99
9359.994141	-19.18	-140.97	0.97
9386.661133	-19.38	-141.05	0.88
9413.328125	-19.58	-141.09	0.87
9439.995117	-19.76	-141.11	0.91
9466.662109	-19.94	-141.10	0.73
9493.329102	-20.11	-141.08	0.90
9519.996094	-20.27	-141.07	0.97
9546.663086	-20.43	-141.00	0.96
9573.330078	-20.58	-140.91	0.98
9600.000977	-20.97	-140.57	0.89
9733.333984	-21.25	-140.23	0.94
9866.666992	-21.53	-140.18	0.97
10000.000000	-21.69	-140.52	0.98
10133.333008	-21.90	-141.88	0.98
10266.666016	-22.11	-143.64	0.96
10399.999023	-22.39	-145.38	0.92
10533.332031	-22.72	-146.26	0.88
10666.665039	-23.12	-146.04	0.81
10799.998047	-23.54	-144.98	0.82
10933.331055	-23.91	-137.49	0.86
11066.664063	-24.11	-119.37	0.55
11199.997070	-24.02	-96.56	0.43
11333.330078	-23.57	-78.56	0.79
11466.663086	-22.91	-70.11	0.88
11599.996094	-22.25	-70.26	0.89
11733.329102	-21.65	-73.73	0.94
11866.662109	-21.11	-78.63	0.96
11999.995117	-20.71	-84.70	0.97
12133.328125	-20.36	-91.06	0.99
12266.661133	-20.11	-97.91	0.98
12399.994141	-20.00	-105.56	0.98
12533.327148	-20.01	-112.77	0.99
12666.660156	-20.12	-119.75	0.99
12799.993164	-20.37	-126.44	0.98
12933.326172	-20.71	-133.36	0.97
13066.659180	-21.15	-139.53	0.97
13199.992188	-21.67	-145.05	0.98
13333.325195	-22.20	-150.17	0.97
13466.658203	-22.80	-154.76	0.94
13599.991211	-23.43	-157.96	0.95
13733.324219	-24.02	-160.75	0.93
13866.657227	-24.57	-163.45	0.95
13999.990234	-25.14	-165.14	0.94
14133.323242	-25.68	-165.95	0.97
14266.656250	-26.14	-165.31	0.80
14399.989258	-26.45	-163.20	0.52
14533.322266	-26.46	-160.89	0.65
14666.655273	-26.30	-159.13	0.87
14799.988281	-26.16	-159.92	0.89
14933.321289	-26.14	-162.64	0.95
15066.654297	-26.26	-166.66	0.95
15199.987305	-26.49	-170.49	0.96
15333.320313	-26.79	-173.11	0.91
15466.653320	-27.12	-174.45	0.71
15599.986328	-27.37	-174.63	0.39
15733.319336	-27.50	-175.52	0.82
15866.652344	-27.67	-177.31	0.89
15999.985352	-27.90	-178.82	0.84
16133.318359	-28.19	-178.58	0.85
16266.651367	-28.49	-175.94	0.76
16399.984375	-28.56	-172.90	0.85
16533.318359	-28.51	-170.66	0.89
16666.652344	-28.47	-170.53	0.94
16799.986328	-28.49	-172.48	0.92
16933.320313	-28.62	-175.74	0.92
17066.654297	-28.91	179.20	0.92
17199.988281	-29.29	174.99	0.96
17333.322266	-29.73	172.54	0.95
17466.656250	-30.20	171.71	0.97
17599.990234	-30.63	172.07	0.91
17733.324219	-31.00	173.64	0.61
17866.658203	-31.27	175.79	0.68
17999.992188	-31.45	177.02	0.92
18133.326172	-31.63	176.93	0.97
18266.660156	-31.85	175.86	0.98
18399.994141	-32.10	174.39	0.98
18533.328125	-32.42	173.47	0.95
18666.662109	-32.79	173.02	0.90
18799.996094	-33.19	173.54	0.66
18933.330078	-33.53	175.00	0.22
19066.664063	-33.74	176.34	0.80
19199.998047	-33.82	177.15	0.88
19333.332031	-33.87	177.25	0.97
19466.666016	-33.89	176.77	0.95
19600.000000	-33.93	175.64	0.95
19733.333984	-33.98	174.36	0.98
19866.667969	-34.06	173.39	0.95
20000.001953	-34.13	173.02	0.96
